[[0, 30, 175, 208], [202, 6, 3, 30], [8, 63, 69, 140], [5, 102, 175, 19]]
[[0, 102, 69, 30], [202, 30, 175, 140], [8, 6, 175, 19], [5, 63, 3, 208]]
[[13, 21, 50, 23], [248, 23, 104, 112], [235, 78, 51, 36], [137, 54, 70, 16]]
[[99, 114, 121, 112], [116, 111, 123, 114], [48, 117, 110, 100], [107, 51, 121, 125]]


[[0, 30, 175, 208], [202, 6, 3, 30], [8, 63, 69, 140], [5, 102, 175, 19]]
[[0, 102, 69, 30], [202, 30, 175, 140], [8, 6, 175, 19], [5, 63, 3, 208]]
[[13, 21, 50, 23], [248, 23, 104, 112], [235, 78, 51, 36], [137, 54, 70, 16]]
[[99, 114, 121, 112], [116, 111, 123, 114], [48, 117, 110, 100], [107, 51, 121, 125]]


[[0, 30, 175, 208], [202, 6, 3, 30], [8, 63, 69, 140], [5, 102, 175, 19]]
[[0, 102, 69, 30], [202, 30, 175, 140], [8, 6, 175, 19], [5, 63, 3, 208]]
[[13, 21, 50, 23], [248, 23, 104, 112], [235, 78, 51, 36], [137, 54, 70, 16]]
[[99, 114, 121, 112], [116, 111, 123, 114], [48, 117, 110, 100], [107, 51, 121, 125]]


[[0, 30, 175, 208], [202, 6, 3, 30], [8, 63, 69, 140], [5, 102, 175, 19]]
[[0, 102, 69, 30], [202, 30, 175, 140], [8, 6, 175, 19], [5, 63, 3, 208]]
[[13, 21, 50, 23], [248, 23, 104, 112], [235, 78, 51, 36], [137, 54, 70, 16]]
[[99, 114, 121, 112], [116, 111, 123, 114], [48, 117, 110, 100], [107, 51, 121, 125]]


[[0, 30, 175, 208], [202, 6, 3, 30], [8, 63, 69, 140], [5, 102, 175, 19]]
[[0, 102, 69, 30], [202, 30, 175, 140], [8, 6, 175, 19], [5, 63, 3, 208]]
[[13, 21, 50, 23], [248, 23, 104, 112], [235, 78, 51, 36], [137, 54, 70, 16]]
[[99, 114, 121, 112], [116, 111, 123, 114], [48, 117, 110, 100], [107, 51, 121, 125]]


[[0, 30, 175, 208], [202, 6, 3, 30], [8, 63, 69, 140], [5, 102, 175, 19]]
[[0, 102, 69, 30], [202, 30, 175, 140], [8, 6, 175, 19], [5, 63, 3, 208]]
[[13, 21, 50, 23], [248, 23, 104, 112], [235, 78, 51, 36], [137, 54, 70, 16]]
[[99, 114, 121, 112], [116, 111, 123, 114], [48, 117, 110, 100], [107, 51, 121, 125]]


[[0, 30, 175, 208], [202, 6, 3, 30], [8, 63, 69, 140], [5, 102, 175, 19]]
[[0, 102, 69, 30], [202, 30, 175, 140], [8, 6, 175, 19], [5, 63, 3, 208]]
[[13, 21, 50, 23], [248, 23, 104, 112], [235, 78, 51, 36], [137, 54, 70, 16]]
[[99, 114, 121, 112], [116, 111, 123, 114], [48, 117, 110, 100], [107, 51, 121, 125]]


[[0, 30, 175, 208], [202, 6, 3, 30], [8, 63, 69, 140], [5, 102, 175, 19]]
[[0, 102, 69, 30], [202, 30, 175, 140], [8, 6, 175, 19], [5, 63, 3, 208]]
[[13, 21, 50, 23], [248, 23, 104, 112], [235, 78, 51, 36], [137, 54, 70, 16]]
[[99, 114, 121, 112], [116, 111, 123, 114], [48, 117, 110, 100], [107, 51, 121, 125]]


[[0, 30, 175, 208], [202, 6, 3, 30], [8, 63, 69, 140], [5, 102, 175, 19]]
[[0, 102, 69, 30], [202, 30, 175, 140], [8, 6, 175, 19], [5, 63, 3, 208]]
[[13, 21, 50, 23], [248, 23, 104, 112], [235, 78, 51, 36], [137, 54, 70, 16]]
[[99, 114, 121, 112], [116, 111, 123, 114], [48, 117, 110, 100], [107, 51, 121, 125]]


[[0, 30, 175, 208], [202, 6, 3, 30], [8, 63, 69, 140], [5, 102, 175, 19]]
[[0, 102, 69, 30], [202, 30, 175, 140], [8, 6, 175, 19], [5, 63, 3, 208]]
[[99, 114, 121, 112], [116, 111, 123, 114], [48, 117, 110, 100], [107, 51, 121, 125]]
crypto{r0undk3y}